0.063353
0.068220
0.086882
0.073658
0.066796
0.085737
0.098073
0.083951
0.082777
0.067449
0.074887
0.061225
0.092312
0.089807
0.090254
0.083049
0.102344
0.097065
0.076812
0.074957
0.077106
0.077838
0.092618
0.070600
0.103755
0.084192
0.076868
0.080840
0.104000
0.091256
0.090957
0.102162
0.093992
0.087059
0.085066
0.092502
0.083008
0.076180
0.099576
0.100052
0.079708
0.063145
0.087092
0.089375
0.100026
0.074383
0.075484
0.082441
0.087356
0.084116
0.071917
0.085452
0.068609
0.069802
0.092178
0.061931
0.068419
0.085778
0.086735
0.089840
0.072973
0.067103
0.071976
0.061851
0.074385
0.051446
0.052948
0.063798
0.056650
0.043029
0.064580
0.056610
0.051247
0.063266
0.086825
0.039473
0.043857
0.066063
0.041084
0.040607
0.031303
0.050056
0.045211
0.060966
0.077947
0.057944
0.037107
0.037931
0.050619
0.049624
0.061330
0.043527
0.047480
0.043000
0.063184
0.029463
0.029132
0.039482
0.028579
0.026775
0.047019
0.026208
0.032999
0.024972
0.038690
0.047343
0.034312
0.030600
0.043757
0.035708
0.025117
0.025675
0.025458
0.005741
0.026383
0.041842
0.044864
0.031797
0.024161
0.020675
0.030516
0.028021
0.049416
0.025109
0.022486
0.032965
0.043459
0.019044
0.041443
0.044924
0.040834
0.014836
0.030493
0.018805
0.015096
0.024076
0.037086
0.023505
0.006454
0.028420
0.024954
0.021982
0.025646
0.008227
0.021724
0.027110
0.014930
0.030324
0.019163
0.021635
0.036343
0.029513
0.029393
0.041071
0.045707
0.043643
0.051590
0.048745
0.048799
0.043015
0.025873
0.030777
0.020907
0.008804
0.048813
0.024741
0.036893
0.049434
0.023020
0.055562
0.045118
0.032394
0.059267
0.037176
0.036962
0.037219
0.026871
0.046184
0.060803
0.028826
0.051843
0.032037
0.057615
0.039856
0.042946
0.058875
0.071673
0.065078
0.071953
0.064487
0.059293
0.075242
0.065460
0.069184
0.056952
0.069956
0.074179
0.070145
0.053815
0.066855
0.062991
0.061605
0.069647
0.063194
0.074433
0.076064
0.082961
0.083641
0.073779
0.089076
0.091529
0.080448
0.085781
0.075549
0.081455
0.085151
0.085417
0.088964
0.075403
0.085203
0.081356
0.087453
0.084445
0.089218
0.098943
0.087647
0.077417
0.087335
0.074175
0.077884
0.070535
0.084077
0.082830
0.090919
0.087567
0.052064
0.072525
0.094704
0.069537
0.086939
0.080477
0.097577
0.103203
0.096399
0.097248
0.097345
0.102913
0.105993
0.104514
0.094901
0.083787
0.098916
0.092152
0.075541
0.096886
0.106459
0.095432
0.095086
0.085724
0.085593
0.090063
0.104449
0.092729
0.105574
0.080189
0.087348
0.108847
0.089955
0.099927
0.095981
0.075959
0.086088
0.105402
0.087489
0.071158
0.089090
0.094253
0.099578
0.084240
0.082323
0.098636
0.089677
0.092488
0.077780
0.089803
0.072882
0.091266
0.086775
0.073880
0.103978
0.080107
0.097160
0.088733
0.078211
0.096923
0.069954
0.063235
0.106078
0.093399
0.084297
0.095941
0.084526
0.078899
0.085330
0.086314
0.084550
0.100342
0.066780
0.086614
0.102931
0.085421
0.084146
0.109100
0.106245
0.099754
0.084789
0.101818
0.102046
0.097079
0.089433
0.111932
0.102918
0.095423
0.092123
0.101468
0.113379
0.100516
0.086794
0.075454
0.090618
0.111790
0.088532
0.083760
0.090929
0.091959
0.107492
0.073663
0.104574
0.119020
0.090697
0.093306
0.090847
0.090700
0.101958
0.096876
0.098303
0.071072
0.085836
0.072098
0.100576
0.101990
0.086644
0.106553
0.082381
0.073793
0.069106
0.090033
0.085115
0.076444
0.078499
0.083332
0.075588
0.069898
0.075548
0.059428
0.067407
0.076906
0.077315
0.084006
0.062197
0.069618
0.062031
0.067138
0.076938
0.057306
0.057204
0.058901
0.064925
0.040680
0.052067
0.056575
0.060446
0.091039
0.079492
0.071811
0.055586
0.064577
0.071496
0.073900
0.060678
0.049950
0.064810
0.067486
0.062800
0.067358
0.044071
0.058536
0.069326
0.067079
0.056862
0.066484
0.038862
0.051234
0.062275
0.057366
0.062008
0.052512
0.054555
0.069984
0.061357
0.055925
0.071173
0.077268
0.061151
0.084519
0.056303
0.073286
0.091428
0.064342
0.087184
0.066322
0.079957
0.102021
0.080675
0.067613
0.073864
0.066217
0.055637
0.054809
0.045436
0.044360
0.057243
0.031957
0.077037
0.046470
0.059526
0.056163
0.069855
0.061214
0.082574
0.055237
0.078595
0.076310
0.057387
0.070367
0.085936
0.068014
0.065273
0.070968
0.076207
0.076345
0.053768
0.081400
0.062140
0.073586
0.075002
0.081022
0.058928
0.081540
0.056416
0.064152
0.071462
0.074547
0.067277
0.054701
0.063465
0.088877
0.068228
0.059212
0.089771
0.070968
0.059706
0.075723
0.093357
0.081220
0.069600
0.085810
0.097514
0.082138
0.088260
0.085866
0.100165
0.122645
0.101365
0.111238
0.095414
0.101363
0.104369
0.098797
0.111018
0.092556
0.121584
0.097342
0.108364
0.109764
0.105396
0.099261
0.112625
0.106567
0.095322
