0.034803
0.027512
0.021867
0.036738
0.034135
0.025269
0.041176
0.043191
0.023316
0.034700
0.033377
0.020464
0.038421
0.020856
0.028007
0.041164
0.032135
0.050136
0.049353
0.038921
0.028155
0.038485
0.035985
0.042730
0.049125
0.035199
0.028947
0.060545
0.042004
0.043747
0.035485
0.034070
0.031990
0.034727
0.038916
0.055849
0.033306
0.049812
0.040554
0.019999
0.036543
0.048632
0.037226
0.042410
0.052044
0.043462
0.034160
0.037295
0.032137
0.035480
0.016994
0.046596
0.025566
0.047986
0.039812
0.029642
0.047597
0.041918
0.043567
0.039637
0.025756
0.037929
0.030146
0.034150
0.019191
0.057424
0.032546
0.032116
0.036016
0.025498
0.043014
0.048069
0.042323
0.039903
0.041897
0.012148
0.040424
0.047489
0.044158
0.036607
0.028417
0.036675
0.044357
0.019589
0.022584
0.054141
0.043472
0.050002
0.025851
0.042954
0.038121
0.048185
0.042267
0.027808
0.032924
0.030111
0.040759
0.043664
0.019322
0.040773
0.045080
0.051284
0.030187
0.035715
0.059138
0.038124
0.041381
0.023852
0.036203
0.038916
0.030237
0.045017
0.052499
0.021764
0.028041
0.043304
0.027139
0.035337
0.046598
0.016838
0.042374
0.024229
0.067397
0.029918
0.030108
0.050093
0.037091
0.044544
0.032508
0.037406
0.036643
0.021473
0.051047
0.033134
0.056174
0.038544
0.029650
0.028737
0.038925
0.031920
0.049817
0.037497
0.046750
0.043041
0.031323
0.030719
0.061262
0.038760
0.026525
0.022723
0.031004
0.034333
0.028154
0.046791
0.058306
0.054608
0.051386
0.030122
0.033056
0.030537
0.041887
0.041444
0.038909
0.029050
0.043170
0.038016
0.048698
0.028683
0.055003
0.037414
0.045589
0.032976
0.036504
0.044065
0.029842
0.039935
0.047422
0.026107
0.037277
0.053281
0.030756
0.030140
0.027628
0.027066
0.051725
0.031621
0.045181
0.024265
0.045691
0.036821
0.038822
0.044359
0.040801
0.024473
0.039172
0.033238
0.037131
0.046813
0.032441
0.046410
0.042191
0.030033
0.038138
0.030930
0.021167
0.011398
0.040003
0.052429
0.036070
0.044967
0.034146
0.039527
0.032073
0.043217
0.054622
0.035775
0.042476
0.008134
0.047034
0.036421
0.047882
0.027392
0.029667
0.039435
0.030131
0.054713
0.026789
0.020210
0.044307
0.027834
0.020555
0.037071
0.031025
0.051267
0.020140
0.030869
0.026683
0.029630
0.024788
0.048909
0.046578
0.047113
0.024005
0.043477
0.047038
0.060888
0.050715
0.024917
0.042607
0.038540
0.038149
0.044569
0.051698
0.027244
0.019604
0.026338
0.022093
0.045375
0.043318
0.043975
0.023395
0.025186
0.038760
0.059235
0.031506
0.048831
0.037803
0.048464
0.039591
0.040590
0.040706
0.025450
0.036605
0.039304
0.044152
0.042734
0.038471
0.021890
0.043363
0.011431
0.042095
0.047760
0.039004
0.026763
0.040427
0.027718
0.040459
0.041417
0.046577
0.048019
0.026115
0.028089
0.037418
0.053133
0.027267
0.056440
0.041703
0.038367
0.043952
0.062445
0.036439
0.026375
0.022172
0.023708
0.040257
0.045472
0.037967
0.039466
0.042687
0.031204
0.043750
0.022059
0.027211
0.024818
0.047045
0.044223
0.036596
0.057218
0.046258
0.034099
0.042505
0.053970
0.032098
0.022825
0.046963
0.031189
0.034694
0.027055
0.032515
0.042502
0.032837
0.017856
0.031762
0.046664
0.048364
0.047340
0.029273
0.024448
0.032706
0.032974
0.039792
0.033794
0.034127
0.040539
0.046681
0.054722
0.040629
0.041860
0.031508
0.040399
0.048282
0.033242
0.032327
0.044121
0.034764
0.044464
0.015542
0.032324
0.021524
0.027288
0.045642
0.041065
0.043356
0.036499
0.045560
0.031811
0.033929
0.042008
0.050031
0.028701
0.036219
0.032377
0.029923
0.044530
0.015783
0.040097
0.030859
0.049844
0.033599
0.025080
0.031002
0.038441
0.017129
0.040910
0.023525
0.052382
0.053911
0.030497
0.024896
0.040188
0.032841
0.031092
0.020001
0.044900
0.044500
0.042727
0.053309
0.044181
0.063484
0.040149
0.035287
0.019177
0.042237
0.037301
0.038349
0.037756
0.053572
0.059990
0.040061
0.025688
0.050288
0.043983
0.043486
0.034547
0.019161
0.044762
0.047821
0.028899
0.035271
0.038425
0.052363
0.048247
0.025920
0.037951
0.047644
0.031017
0.041315
0.036685
0.021389
0.040081
0.034353
0.027354
0.037439
0.026788
0.028780
0.028019
0.047383
0.051020
0.053268
0.046780
0.040361
0.051350
0.037086
0.036195
0.041165
0.041145
0.050016
0.053329
0.035302
0.044673
0.044776
0.027186
0.037891
0.047170
0.042536
0.033173
0.022453
0.023384
0.033254
0.014916
0.031615
0.029891
0.044423
0.054607
0.027475
0.022826
0.046240
0.014222
0.026287
0.049938
0.030092
0.051235
0.050241
0.041967
0.048051
0.039012
0.043040
0.039075
0.039680
0.029079
0.020894
0.043413
0.037442
0.033361
0.051163
0.055706
0.034683
0.040508
0.050409
0.022310
0.040269
0.022899
0.029884
0.041305
0.044600
0.039135
0.048459
0.038289
0.046195
0.026241
